# id	left	top	right	bottom	texture_id

[SPRITES]
# --- intro.png (tex 90): curtain, logo, ground, trees, clouds, menu ---
90001	0	0	255	239	94
90002	0	240	255	253	94
90003	54	371	233	442	90
90004	0	0	255	63	93
90006	339	132	402	227	90
90007	332	324	395	387	90
90008	231	274	262	289	90
90009	303	278	318	285	90
90010	72	248	175	287	90
90011	63	248	70	255	90
90012	126	443	175	484	90

# --- mario.png (tex 70): Big Mario ---
90101	197	47	210	74	70
90102	214	47	229	74	70
90103	233	49	248	74	70
90104	271	49	286	74	70
90105	379	57	392	74	70
90106	434	47	447	74	70
90107	450	47	465	74	70
90108	469	47	484	74	70
90109	487	47	508	74	70

# --- mario.png (tex 70): Raccoon Mario ---
90110	565	142	586	169	70
90111	79	142	100	169	70
90112	104	142	125	169	70
90113	128	142	151	169	70
90114	256	142	279	169	70
90115	282	142	305	169	70
90116	641	142	662	169	70
90117	441	143	464	170	70
90118	468	143	491	170	70
90119	495	142	518	169	70
90120	590	142	611	169	70

# --- mario.png (tex 70): Small Mario ---
90121	254	8	265	23	70
90122	268	8	283	23	70
90123	304	8	319	23	70

# --- mario.png (tex 70): Big Luigi ---
90131	197	77	210	104	70
90132	214	77	229	104	70
90133	233	79	248	104	70
90134	271	79	286	104	70
90135	434	77	447	104	70
90136	450	77	465	104	70
90137	469	78	484	105	70
90138	487	77	508	104	70

# --- enemies_transparent.png (tex 10): Goomba ---
90141	5	14	20	29	10
90142	25	14	40	29	10

# --- enemies_2.png (tex 50): Koopa shells ---
90143	50	104	65	119	50
90144	330	104	345	119	50
90145	50	204	65	219	50
90146	330	204	345	219	50

# --- items.png (tex 92): mushrooms ---
90151	156	121	171	136	92
90152	286	121	301	136	92

# --- misc_transparent.png (tex 20): leaf ---
90153	300	208	315	221	20

[ANIMATIONS]
95002	90101	100	90102	100	90103	100
95003	90111	100	90112	100	90113	100
95004	90121	100	90122	100
95005	90131	100	90132	100	90133	100
95006	90141	100	90142	100
95007	90143	100	90144	100
95008	90145	100	90146	100
95009	90117	100	90118	100	90119	100
95010	90101	100
95011	90104	100
95012	90105	100
95013	90109	100
95014	90106	100	90107	100	90108	100
95015	90111	100
95016	90114	100
95017	90115	100
95018	90116	100
95019	90110	100	90120	100
95020	90121	100
95021	90123	100
95022	90131	100
95023	90134	100
95024	90135	100	90136	100	90137	100
95025	90138	100
95026	90143	100
95027	90145	100
95028	90151	100
95029	90152	100
95030	90153	100
