[SPRITES]
# ID	Left	Top	Right	Bottom	TEX_ID

# help-bubble
70001	1	0	16	15	60

# M (Mario)
70002	18	0	33	15	60
70003	35	0	50	15	60

# castle
70004	52	0	67	15	60

# ship
70006	86	0	101	15	60
70007	103	16	118	31	60

# bush
70008	1	17	16	32	60
70009	18	17	33	32	60
70010	35	17	50	32	60
70011	52	17	67	32	60

# mushroom-gate
70012	69	16	84	31	60

# domed-gate
70013	86	16	101	31	60

# slave
70014	103	16	118	31	60
70015	120	18	135	31	60

# start
70016	1	33	16	48	60

# bridge
70017	18	33	33	48	60

# gate
70018	35	33	50	48	60
70019	52	33	67	48	60
70020	69	33	84	48	60
70021	86	33	101	48	60
70022	103	33	118	48	60
70023	120	33	135	48	60

# spade
70024	120	-1	135	14	60
70025	137	0	152	15	60

# none
70026	137	18	152	31	60



[ANIMATIONS]
# ID_Anim	ID_Sprite_1	Time_1	ID_Sprite_2	Time_2 ...

# ani-help-bubble
90001	70001	800	70026	200	

# ani-M
90002	70002	300	70003	300

# ani-castle
90003	70004	300	70005	300

# ani-ship
90004	70006	300	70007	300

# ani-bush
90005	70008	300	70009	300	70010	300	70011	300

# ani-mushroom-gate
90006	70012	300

# ani-domed-gate
90007	70013	300

# ani-slave
90008	70014	300	70015	300

# ani-start
90009	70016	300

# ani-bridge
90010	70017	300

# ani-gate-1
90011	70018	300
# ani-gate-2
90012	70019	300
# ani-gate-3
90013	70020	300
# ani-gate-4
90014	70021	300
# ani-gate-5
90015	70022	300
# ani-gate-6
90016	70023	300

# ani-spade
90017	70024	300	70025	300