[SPRITES]
# ID	Left	Top	Right	Bottom	TEX_ID

# font
200001	30	24	38	31	30	# spr-font-0
200002	53	23	59	29	30	# spr-font-1
200003	70	24	78	31	30	# spr-font-2
200004	90	23	97	29	30	# spr-font-3
200005	108	23	115	29	30	# spr-font-4
200006	127	24	134	31	30	# spr-font-5
200007	145	23	152	29	30	# spr-font-6
200008	162	24	169	31	30	# spr-font-7
200009	178	24	186	31	30	# spr-font-8
200010	197	24	204	31	30	# spr-font-9
200011	215	24	222	31	30	# spr-font-A
200012	233	24	241	31	30	# spr-font-B
200013	30	39	38	46	30	# spr-font-C
200014	53	39	60	46	30	# spr-font-D
200015	70	39	78	46	30	# spr-font-E
200016	90	39	97	46	30	# spr-font-F
200017	108	39	115	46	30	# spr-font-G
200018	127	39	134	46	30	# spr-font-H
200019	146	39	149	46	30	# spr-font-I
200020	162	39	169	46	30	# spr-font-J
200021	179	37	186	45	30	# spr-font-K
200022	197	37	204	45	30	# spr-font-L
200023	215	39	222	46	30	# spr-font-M
200024	233	37	241	45	30	# spr-font-N
200025	30	55	38	62	30	# spr-font-O
200026	53	55	60	62	30	# spr-font-P
200027	70	53	78	61	30	# spr-font-Q
200028	90	53	97	61	30	# spr-font-R
200029	107	53	115	61	30	# spr-font-S
200030	127	53	134	61	30	# spr-font-T
200031	145	55	152	62	30	# spr-font-U
200032	162	55	169	62	30	# spr-font-V
200033	179	55	186	62	30	# spr-font-W
200034	196	53	204	61	30	# spr-font-X
200035	215	55	222	62	30	# spr-font-Y
200036	233	55	241	62	30	# spr-font-Z

# points-in-level
200037	60	86	71	95	30	# spr-points-in-level-100
200038	73	87	85	95	30	# spr-points-in-level-200
200039	88	88	100	97	30	# spr-points-in-level-400
200040	103	88	118	97	30	# spr-points-in-level-800
200041	119	88	133	96	30	# spr-points-in-level-1000
200042	137	88	154	97	30	# spr-points-in-level-2000
200043	157	89	172	96	30	# spr-points-in-level-4000
200044	176	89	191	96	30	# spr-points-in-level-8000
200045	195	89	210	96	30	# spr-points-in-level-1UP

# hud
200046	10	127	162	156	30	# spr-hud-0

# m-tag
200047	15	159	32	167	30	# spr-m-tag-0

# p-icon
200048	72	161	87	168	30	# spr-p-icon-0
200049	99	161	114	168	30	# spr-p-icon-1

# card
200050	140	159	163	186	30	# spr-empty-card-0
200051	171	159	194	186	30	# spr-super-mushroom-card-0
200052	202	159	225	186	30	# spr-fire-flower-card-0
200053	232	159	255	186	30	# spr-star-man-card-0

# font extra
200054	161	8	168	15	30	# spr-font-blank-space
200055	233	72	239	81	30	# spr-font-exclamation-point

# arrow
200056	64	161	71	168	30	# spr-arrow-0
200057	91	161	98	168	30	# spr-arrow-1

# dialog
200058	0	0	127	63	30	# spr-dialog-gameover-0
200059	133	-1	260	53	30	# spr-dialog-mario-0
200060	2	69	7	75	30	# spr-dialog-arrow-0



[ANIMATIONS]
# ID_Anim	ID_Sprite_1	Time_1	ID_Sprite_2	Time_2 ...

# ani-font
200101	200001	100	200002	100	200003	100	200004	100	200005	100	200006	100	200007	100	200008	100	200009	100	200010	100	200011	100	200012	100	200013	100	200014	100	200015	100	200016	100	200017	100	200018	100	200019	100	200020	100	200021	100	200022	100	200023	100	200024	100	200025	100	200026	100	200027	100	200028	100	200029	100	200030	100	200031	100	200032	100	200033	100	200034	100	200035	100	200036	100

# ani-points-in-level
200102	200037	100	200038	100	200039	100	200040	100	200041	100	200042	100	200043	100	200044	100	200045	100

# ani-hud
200103	200046	100

# ani-m-tag
200104	200047	100

# ani-p-icon
200105	200048	100	200049	100

# ani-empty-card
200106	200050	100

# ani-super-mushroom-card
200107	200051	100

# ani-fire-flower-card
200108	200052	100

# ani-star-man-card
200109	200053	100

# ani-font-blank-space
200110	200054	100

# ani-font-exclamation-point
200111	200055	100

# ani-arrow-0
200112	200056	100

# ani-arrow-1
200113	200057	100

# ani-dialog-gameover-0
200114	200058	100

# ani-dialog-mario-0
200115	200059	100

# ani-dialog-arrow-0
200116	200060	100